Pairs: ((90, 268), (158, 269))
Depth: 111
Weight: 0.6910845779078865
Pairs: ((90, 268), (158, 269))
Depth: 111
Weight: 0.6910845779078865
Pairs: ((90, 268), (158, 269))
Depth: 111
Weight: 0.6910845779078865
Pairs: ((90, 268), (158, 269))
Depth: 111
Weight: 0.6910845779078865
