Pairs: ((121, 179), (68, 179))
Depth: 116
Weight: 0.9452380952380952
Pairs: ((121, 179), (68, 179))
Depth: 116
Weight: 0.9452380952380952
Pairs: ((121, 179), (68, 179))
Depth: 116
Weight: 0.9452380952380952
Pairs: ((121, 179), (68, 179))
Depth: 116
Weight: 0.9452380952380952
