Pairs: ((91, 169), (134, 168))
Depth: 115
Weight: 0.7264399224326985
Pairs: ((91, 169), (134, 168))
Depth: 115
Weight: 0.7264399224326985
Pairs: ((91, 169), (134, 168))
Depth: 115
Weight: 0.7264399224326985
Pairs: ((91, 169), (134, 168))
Depth: 115
Weight: 0.7264399224326985
