Pairs: ((140, 140), (189, 141))
Depth: 116
Weight: 0.8202845125108407
Pairs: ((140, 140), (189, 141))
Depth: 116
Weight: 0.8202845125108407
Pairs: ((140, 140), (189, 141))
Depth: 116
Weight: 0.8202845125108407
