Pairs: ((140, 119), (89, 118))
Depth: 127
Weight: 0.6987601520595998
Pairs: ((140, 119), (89, 118))
Depth: 127
Weight: 0.6987601520595998
Pairs: ((140, 119), (89, 118))
Depth: 127
Weight: 0.6987601520595998
Pairs: ((140, 119), (89, 118))
Depth: 127
Weight: 0.6987601520595998
