Pairs: ((185, 175), (240, 175))
Depth: 115
Weight: 0.9928571428571429
Pairs: ((185, 175), (240, 175))
Depth: 115
Weight: 0.9928571428571429
Pairs: ((185, 175), (240, 175))
Depth: 115
Weight: 0.9928571428571429
Pairs: ((185, 175), (240, 175))
Depth: 115
Weight: 0.9928571428571429
