Pairs: ((92, 177), (149, 177))
Depth: 118
Weight: 0.9166666666666666
Pairs: ((92, 177), (149, 177))
Depth: 118
Weight: 0.9166666666666666
Pairs: ((92, 177), (149, 177))
Depth: 118
Weight: 0.9166666666666666
Pairs: ((92, 177), (149, 177))
Depth: 118
Weight: 0.9166666666666666
