Pairs: ((95, 177), (146, 177))
Depth: 117
Weight: 0.8976190476190476
Pairs: ((95, 177), (146, 177))
Depth: 117
Weight: 0.8976190476190476
Pairs: ((95, 177), (146, 177))
Depth: 117
Weight: 0.8976190476190476
