Pairs: ((139, 167), (192, 167))
Depth: 105
Weight: 0.830952380952381
Pairs: ((139, 167), (192, 167))
Depth: 105
Weight: 0.830952380952381
Pairs: ((139, 167), (192, 167))
Depth: 105
Weight: 0.830952380952381
Pairs: ((139, 167), (192, 167))
Depth: 105
Weight: 0.830952380952381
