Pairs: ((92, 174), (149, 175))
Depth: 131
Weight: 0.6805518931158716
Pairs: ((92, 174), (149, 175))
Depth: 131
Weight: 0.6805518931158716
Pairs: ((92, 174), (149, 175))
Depth: 131
Weight: 0.6805518931158716
Pairs: ((92, 174), (149, 175))
Depth: 131
Weight: 0.6805518931158716
