Pairs: ((169, 180), (225, 179))
Depth: 115
Weight: 0.9248901691035203
Pairs: ((169, 180), (225, 179))
Depth: 115
Weight: 0.9248901691035203
Pairs: ((169, 180), (225, 179))
Depth: 115
Weight: 0.9248901691035203
