Pairs: ((121, 252), (65, 246))
Depth: 113
Weight: 0.6507877276227656
Pairs: ((121, 252), (65, 246))
Depth: 113
Weight: 0.6507877276227656
Pairs: ((121, 252), (65, 246))
Depth: 113
Weight: 0.6507877276227656
Pairs: ((121, 252), (65, 246))
Depth: 113
Weight: 0.6507877276227656
