Pairs: ((134, 156), (191, 157))
Depth: 114
Weight: 0.9091233216873003
Pairs: ((134, 156), (191, 157))
Depth: 114
Weight: 0.9091233216873003
Pairs: ((134, 156), (191, 157))
Depth: 114
Weight: 0.9091233216873003
Pairs: ((134, 156), (191, 157))
Depth: 114
Weight: 0.9091233216873003
