Pairs: ((148, 172), (203, 171))
Depth: 110
Weight: 0.8834814492915831
Pairs: ((148, 172), (203, 171))
Depth: 110
Weight: 0.8834814492915831
Pairs: ((148, 172), (203, 171))
Depth: 110
Weight: 0.8834814492915831
Pairs: ((148, 172), (203, 171))
Depth: 110
Weight: 0.8834814492915831
