Pairs: ((171, 180), (118, 179))
Depth: 113
Weight: 0.8913491046284938
Pairs: ((171, 180), (118, 179))
Depth: 113
Weight: 0.8913491046284938
Pairs: ((171, 180), (118, 179))
Depth: 113
Weight: 0.8913491046284938
Pairs: ((171, 180), (118, 179))
Depth: 113
Weight: 0.8913491046284938
