Pairs: ((124, 182), (72, 184))
Depth: 115
Weight: 0.8333680235405231
Pairs: ((124, 182), (72, 184))
Depth: 115
Weight: 0.8333680235405231
Pairs: ((124, 182), (72, 184))
Depth: 115
Weight: 0.8333680235405231
