Pairs: ((188, 170), (243, 167))
Depth: 114
Weight: 0.8353879961849903
Pairs: ((188, 170), (243, 167))
Depth: 114
Weight: 0.8353879961849903
Pairs: ((188, 170), (243, 167))
Depth: 114
Weight: 0.8353879961849903
Pairs: ((188, 170), (243, 167))
Depth: 114
Weight: 0.8353879961849903
