Pairs: ((155, 183), (98, 181))
Depth: 108
Weight: 0.7727472177361334
Pairs: ((155, 183), (98, 181))
Depth: 108
Weight: 0.7727472177361334
Pairs: ((155, 183), (98, 181))
Depth: 108
Weight: 0.7727472177361334
