Pairs: ((143, 87), (85, 87))
Depth: 129
Weight: 0.7428571428571429
Pairs: ((143, 87), (85, 87))
Depth: 129
Weight: 0.7428571428571429
Pairs: ((143, 87), (85, 87))
Depth: 129
Weight: 0.7428571428571429
Pairs: ((143, 87), (85, 87))
Depth: 129
Weight: 0.7428571428571429
