Pairs: ((132, 104), (75, 102))
Depth: 121
Weight: 0.7727472177361334
Pairs: ((132, 104), (75, 102))
Depth: 121
Weight: 0.7727472177361334
Pairs: ((132, 104), (75, 102))
Depth: 121
Weight: 0.7727472177361334
Pairs: ((132, 104), (75, 102))
Depth: 121
Weight: 0.7727472177361334
